[332.03125, 683.59375] 0
[332.03125, 687.5] 0
[332.03125, 687.5] 0
[332.03125, 703.125] 0
[332.03125, 695.3125] 0
[335.9375, 710.9375] 0
[332.03125, 691.40625] 0
[335.9375, 785.15625] 0
[332.03125, 687.5] 0
[335.9375, 707.03125] 0
[335.9375, 703.125] 0
[332.03125, 777.34375] 0
[332.03125, 691.40625] 0
[316.40625, 695.3125] 0
[324.21875, 1000.0] 0
[332.03125, 679.6875] 0
[328.125, 683.59375] 0
[339.84375, 750.0] 0
[324.21875, 691.40625] 0
[335.9375, 691.40625] 0
[339.84375, 691.40625] 0
[332.03125, 1000.0] 0
[328.125, 675.78125] 0
[332.03125, 679.6875] 0
[339.84375, 691.40625] 0
[308.59375, 753.90625] 0
[335.9375, 687.5] 0
[332.03125, 679.6875] 0
[343.75, 707.03125] 0
[335.9375, 687.5] 0
[335.9375, 687.5] 0
[343.75, 699.21875] 0
[332.03125, 691.40625] 0
[343.75, 703.125] 0
[343.75, 707.03125] 0
[343.75, 714.84375] 0
[343.75, 714.84375] 0
[347.65625, 718.75] 0
[347.65625, 714.84375] 0
[347.65625, 746.09375] 0
[343.75, 714.84375] 0
[347.65625, 710.9375] 0
[347.65625, 714.84375] 0
[347.65625, 718.75] 0
[351.5625, 714.84375] 0
[351.5625, 714.84375] 0
[351.5625, 714.84375] 0
[351.5625, 718.75] 0
[351.5625, 718.75] 0
[351.5625, 753.90625] 0
[343.75, 726.5625] 0
[359.375, 730.46875] 0
[355.46875, 730.46875] 0
[359.375, 730.46875] 0
[359.375, 730.46875] 0
[355.46875, 730.46875] 0
[359.375, 726.5625] 0
[359.375, 726.5625] 0
[359.375, 722.65625] 0
[351.5625, 726.5625] 0
[355.46875, 722.65625] 0
[355.46875, 722.65625] 0
[355.46875, 710.9375] 0
[355.46875, 722.65625] 0
[355.46875, 718.75] 0
[359.375, 730.46875] 0
[359.375, 718.75] 0
[355.46875, 714.84375] 0
[359.375, 726.5625] 0
[359.375, 714.84375] 0
[359.375, 714.84375] 0
[363.28125, 742.1875] 0
[359.375, 718.75] 0
[359.375, 722.65625] 0
[363.28125, 722.65625] 0
[359.375, 722.65625] 0
[359.375, 722.65625] 0
[363.28125, 722.65625] 0
[359.375, 722.65625] 0
[359.375, 722.65625] 0
[367.1875, 714.84375] 0
[359.375, 722.65625] 0
[363.28125, 742.1875] 0
[363.28125, 718.75] 0
[363.28125, 714.84375] 0
[363.28125, 707.03125] 0
[359.375, 718.75] 0
[363.28125, 710.9375] 0
[359.375, 718.75] 0
[363.28125, 718.75] 0
[367.1875, 714.84375] 0
[359.375, 722.65625] 0
[367.1875, 722.65625] 0
[359.375, 726.5625] 0
[371.09375, 722.65625] 0
[355.46875, 726.5625] 0
[371.09375, 726.5625] 0
[351.5625, 730.46875] 0
[378.90625, 722.65625] 0
[359.375, 734.375] 0
[371.09375, 730.46875] 0
[339.84375, 726.5625] 0
[394.53125, 722.65625] 0
[335.9375, 750.0] 0
[335.9375, 746.09375] 0
[347.65625, 777.34375] 1
[402.34375, 1000.0] 0
[339.84375, 722.65625] 0
[339.84375, 718.75] 0
[355.46875, 714.84375] 0
[347.65625, 718.75] 0
[367.1875, 695.3125] 0
[351.5625, 734.375] 0
[343.75, 699.21875] 0
[347.65625, 687.5] 0
[316.40625, 726.5625] 0
[347.65625, 648.4375] 0
[296.875, 699.21875] 0
[351.5625, 636.71875] 0
[359.375, 1000.0] 0
[339.84375, 660.15625] 0
[355.46875, 675.78125] 0
[269.53125, 605.46875] 0
[214.84375, 609.375] 0
[382.8125, 628.90625] 0
[421.875, 968.75] 0
[332.03125, 707.03125] 0
[332.03125, 687.5] 0
[562.5, 1000.0] 0
[332.03125, 699.21875] 0
[371.09375, 1000.0] 0
[367.1875, 648.4375] 0
[347.65625, 675.78125] 0
[343.75, 667.96875] 0
[335.9375, 683.59375] 0
[332.03125, 683.59375] 0
[332.03125, 683.59375] 0
[324.21875, 679.6875] 0
[328.125, 679.6875] 0
[351.5625, 675.78125] 0
[335.9375, 687.5] 0
[324.21875, 687.5] 0
[160.15625, 617.1875] 0
[328.125, 691.40625] 0
[328.125, 683.59375] 0
[234.375, 761.71875] 0
[656.25, 1000.0] 0
[355.46875, 679.6875] 0
[332.03125, 699.21875] 0
[343.75, 671.875] 0
[339.84375, 675.78125] 0
[347.65625, 667.96875] 0
[343.75, 683.59375] 0
[351.5625, 675.78125] 0
[347.65625, 679.6875] 0
[320.3125, 726.5625] 0
[351.5625, 695.3125] 0
[355.46875, 699.21875] 0
[363.28125, 695.3125] 0
[351.5625, 722.65625] 0
[359.375, 703.125] 0
[359.375, 703.125] 0
[355.46875, 718.75] 0
[359.375, 707.03125] 0
[363.28125, 699.21875] 0
[359.375, 703.125] 0
[359.375, 714.84375] 0
[355.46875, 699.21875] 0
[355.46875, 703.125] 0
[347.65625, 738.28125] 0
[359.375, 695.3125] 0
[363.28125, 695.3125] 0
[363.28125, 695.3125] 0
[363.28125, 687.5] 0
[367.1875, 683.59375] 0
[363.28125, 695.3125] 0
[367.1875, 718.75] 0
[3.90625, 371.09375] 0
[363.28125, 691.40625] 0
[363.28125, 703.125] 0
[3.90625, 367.1875] 0
[367.1875, 1000.0] 0
[363.28125, 699.21875] 0
[363.28125, 699.21875] 0
[367.1875, 656.25] 0
[367.1875, 699.21875] 0
[367.1875, 687.5] 0
[363.28125, 699.21875] 0
[339.84375, 753.90625] 0
[3.90625, 382.8125] 0
[371.09375, 691.40625] 0
[375.0, 679.6875] 0
[382.8125, 1000.0] 0
[378.90625, 671.875] 0
[367.1875, 699.21875] 0
[3.90625, 382.8125] 0
[375.0, 683.59375] 0
[367.1875, 703.125] 0
[3.90625, 390.625] 0
[375.0, 683.59375] 0
[378.90625, 671.875] 0
[3.90625, 382.8125] 0
[367.1875, 695.3125] 0
[375.0, 679.6875] 0
[375.0, 671.875] 0
[371.09375, 679.6875] 0
[375.0, 664.0625] 0
[378.90625, 1000.0] 0
[367.1875, 695.3125] 0
[375.0, 671.875] 0
[375.0, 664.0625] 0
[410.15625, 1000.0] 0
[371.09375, 671.875] 0
[371.09375, 710.9375] 0
[414.0625, 1000.0] 0
[382.8125, 652.34375] 0
[378.90625, 667.96875] 0
[3.90625, 390.625] 0
[382.8125, 644.53125] 0
[402.34375, 1000.0] 0
[386.71875, 1000.0] 0
[371.09375, 687.5] 0
[371.09375, 683.59375] 0
[382.8125, 671.875] 0
[3.90625, 390.625] 0
[386.71875, 660.15625] 0
[386.71875, 664.0625] 0
[375.0, 691.40625] 0
[382.8125, 675.78125] 0
[406.25, 1000.0] 0
[382.8125, 687.5] 0
[371.09375, 703.125] 0
[367.1875, 710.9375] 0
[367.1875, 710.9375] 0
[386.71875, 695.3125] 0
[371.09375, 710.9375] 0
[367.1875, 710.9375] 0
[386.71875, 703.125] 0
[382.8125, 707.03125] 0
[367.1875, 742.1875] 0
[414.0625, 679.6875] 0
[386.71875, 703.125] 0
[367.1875, 738.28125] 0
[367.1875, 714.84375] 0
[375.0, 710.9375] 0
[406.25, 683.59375] 0
[363.28125, 714.84375] 0
[406.25, 691.40625] 0
[375.0, 710.9375] 0
[355.46875, 718.75] 0
[351.5625, 714.84375] 0
[363.28125, 718.75] 0
[355.46875, 722.65625] 0
[343.75, 714.84375] 0
[355.46875, 730.46875] 0
[363.28125, 753.90625] 0
[3.90625, 390.625] 0
[367.1875, 714.84375] 0
[371.09375, 691.40625] 0
[386.71875, 675.78125] 0
[390.625, 722.65625] 0
[382.8125, 742.1875] 0
[398.4375, 738.28125] 0
[410.15625, 750.0] 0
[390.625, 777.34375] 0
[417.96875, 753.90625] 0
[394.53125, 765.625] 0
[390.625, 734.375] 0
[410.15625, 761.71875] 0
[394.53125, 753.90625] 0
[367.1875, 765.625] 0
[417.96875, 1000.0] 0
[406.25, 730.46875] 0
[406.25, 789.0625] 0
[429.6875, 691.40625] 0
[394.53125, 718.75] 0
[429.6875, 750.0] 0
[410.15625, 1000.0] 0
[351.5625, 683.59375] 0
[343.75, 742.1875] 0
[289.0625, 808.59375] 0
[316.40625, 726.5625] 0
[304.6875, 671.875] 0
[324.21875, 785.15625] 0
[277.34375, 777.34375] 0
[332.03125, 734.375] 0
[343.75, 730.46875] 0
[273.4375, 796.875] 0
[347.65625, 765.625] 0
[328.125, 742.1875] 0
[335.9375, 757.8125] 0
[332.03125, 742.1875] 0
[320.3125, 746.09375] 0
[394.53125, 855.46875] 0
[335.9375, 746.09375] 0
[304.6875, 757.8125] 0
[324.21875, 851.5625] 0
[359.375, 718.75] 0
[300.78125, 781.25] 0
[304.6875, 800.78125] 0
[300.78125, 777.34375] 0
[300.78125, 777.34375] 0
[304.6875, 781.25] 0
[300.78125, 781.25] 0
[328.125, 777.34375] 0
[304.6875, 785.15625] 0
[398.4375, 753.90625] 0
[304.6875, 789.0625] 0
[359.375, 765.625] 0
[300.78125, 789.0625] 0
[292.96875, 773.4375] 0
[355.46875, 769.53125] 0
[304.6875, 789.0625] 0
[363.28125, 753.90625] 0
[347.65625, 769.53125] 0
[292.96875, 781.25] 0
[367.1875, 750.0] 0
[363.28125, 746.09375] 0
[238.28125, 757.8125] 0
[414.0625, 746.09375] 0
[332.03125, 773.4375] 0
[378.90625, 750.0] 0
[351.5625, 769.53125] 0
[355.46875, 773.4375] 0
[332.03125, 750.0] 0
[421.875, 769.53125] 0
[367.1875, 757.8125] 0
[363.28125, 761.71875] 0
[312.5, 777.34375] 0
[332.03125, 777.34375] 0
[292.96875, 777.34375] 0
[289.0625, 769.53125] 0
[332.03125, 781.25] 0
[296.875, 792.96875] 0
[359.375, 750.0] 0
[339.84375, 777.34375] 0
[304.6875, 769.53125] 0
[359.375, 753.90625] 0
[296.875, 781.25] 0
[304.6875, 800.78125] 0
[406.25, 738.28125] 0
[304.6875, 730.46875] 0
[296.875, 773.4375] 0
[359.375, 753.90625] 0
[378.90625, 738.28125] 0
[335.9375, 777.34375] 0
[312.5, 699.21875] 0
[363.28125, 730.46875] 0
[332.03125, 773.4375] 0
[308.59375, 703.125] 0
[308.59375, 769.53125] 0
[394.53125, 664.0625] 0
[320.3125, 753.90625] 0
[304.6875, 671.875] 0
[351.5625, 722.65625] 0
[308.59375, 761.71875] 0
[355.46875, 695.3125] 0
[312.5, 750.0] 0
[312.5, 738.28125] 0
[316.40625, 750.0] 0
[304.6875, 1000.0] 0
[367.1875, 746.09375] 0
[312.5, 726.5625] 0
[300.78125, 1000.0] 0
[441.40625, 769.53125] 0
[402.34375, 777.34375] 0
[375.0, 687.5] 0
[304.6875, 785.15625] 0
[363.28125, 714.84375] 0
[320.3125, 746.09375] 0
[386.71875, 742.1875] 0
[324.21875, 750.0] 0
[378.90625, 746.09375] 0
[347.65625, 781.25] 1
[308.59375, 738.28125] 0
[332.03125, 703.125] 0
[414.0625, 765.625] 0
[324.21875, 726.5625] 0
[265.625, 753.90625] 0
[359.375, 703.125] 0
[320.3125, 941.40625] 0
[164.0625, 460.9375] 0
[351.5625, 742.1875] 0
[359.375, 785.15625] 0
[269.53125, 804.6875] 0
[464.84375, 980.46875] 0
[3.90625, 1000.0] 0
[207.03125, 523.4375] 0
[402.34375, 730.46875] 0
[339.84375, 859.375] 0
[335.9375, 605.46875] 0
[351.5625, 789.0625] 0
[355.46875, 808.59375] 0
[343.75, 710.9375] 0
[3.90625, 324.21875] 0
[261.71875, 796.875] 0
[257.8125, 746.09375] 0
[355.46875, 937.5] 0
[402.34375, 1000.0] 0
[312.5, 687.5] 0
[359.375, 664.0625] 0
[312.5, 695.3125] 0
[347.65625, 656.25] 0
[636.71875, 1000.0] 0
[437.5, 656.25] 0
[406.25, 714.84375] 0
[242.1875, 746.09375] 0
[316.40625, 699.21875] 0
[398.4375, 667.96875] 0
[332.03125, 703.125] 0
[351.5625, 742.1875] 0
[304.6875, 699.21875] 0
[308.59375, 746.09375] 0
[437.5, 1000.0] 0
[480.46875, 828.125] 0
[453.125, 808.59375] 0
[308.59375, 703.125] 0
[644.53125, 1000.0] 0
[316.40625, 765.625] 0
[367.1875, 675.78125] 0
[316.40625, 761.71875] 0
[328.125, 714.84375] 0
[300.78125, 800.78125] 0
[359.375, 695.3125] 0
[320.3125, 781.25] 0
[371.09375, 664.0625] 0
[308.59375, 714.84375] 0
[343.75, 691.40625] 0
[304.6875, 714.84375] 0
[304.6875, 707.03125] 0
[339.84375, 691.40625] 0
[339.84375, 695.3125] 0
[332.03125, 675.78125] 0
[304.6875, 683.59375] 0
[335.9375, 683.59375] 0
[312.5, 691.40625] 0
[312.5, 722.65625] 0
[199.21875, 566.40625] 0
[312.5, 703.125] 0
[304.6875, 707.03125] 0
[335.9375, 691.40625] 0
[339.84375, 691.40625] 0
[312.5, 753.90625] 0
[277.34375, 777.34375] 0
[308.59375, 750.0] 0
[296.875, 812.5] 0
[324.21875, 710.9375] 0
[339.84375, 710.9375] 0
[312.5, 714.84375] 0
[343.75, 730.46875] 0
[355.46875, 707.03125] 0
[132.8125, 500.0] 0
[363.28125, 652.34375] 0
[292.96875, 804.6875] 0
[308.59375, 699.21875] 0
[308.59375, 710.9375] 0
[339.84375, 675.78125] 0
[351.5625, 679.6875] 0
[312.5, 765.625] 0
[312.5, 734.375] 0
[441.40625, 1000.0] 0
[339.84375, 695.3125] 0
[324.21875, 691.40625] 0
[359.375, 750.0] 0
[304.6875, 722.65625] 0
[343.75, 671.875] 0
[308.59375, 730.46875] 0
[285.15625, 820.3125] 1
[125.0, 496.09375] 0
[312.5, 750.0] 0
[300.78125, 812.5] 0
[304.6875, 710.9375] 0
[332.03125, 699.21875] 0
[343.75, 707.03125] 0
[402.34375, 1000.0] 0
[375.0, 691.40625] 0
[316.40625, 699.21875] 0
[488.28125, 847.65625] 0
[273.4375, 777.34375] 0
[664.0625, 1000.0] 0
[367.1875, 699.21875] 0
[406.25, 679.6875] 0
[316.40625, 718.75] 0
[378.90625, 718.75] 0
[359.375, 1000.0] 0
[335.9375, 863.28125] 0
[257.8125, 757.8125] 0
[328.125, 703.125] 0
[554.6875, 1000.0] 0
[343.75, 695.3125] 0
[312.5, 683.59375] 0
[339.84375, 757.8125] 0
[328.125, 687.5] 0
[3.90625, 457.03125] 0
[328.125, 671.875] 0
[378.90625, 730.46875] 0
[324.21875, 703.125] 0
[3.90625, 441.40625] 0
[355.46875, 1000.0] 0
[343.75, 652.34375] 0
[343.75, 1000.0] 0
[3.90625, 347.65625] 0
[355.46875, 976.5625] 0
[367.1875, 714.84375] 0
[296.875, 917.96875] 0
[300.78125, 562.5] 0
[628.90625, 1000.0] 0
[289.0625, 699.21875] 0
[996.09375, 1000.0] 1
[343.75, 839.84375] 0
[359.375, 1000.0] 0
[335.9375, 664.0625] 0
[250.0, 734.375] 0
[316.40625, 656.25] 0
[390.625, 695.3125] 0
[289.0625, 761.71875] 0
[300.78125, 667.96875] 0
[308.59375, 660.15625] 0
[351.5625, 636.71875] 0
[335.9375, 750.0] 0
[367.1875, 617.1875] 0
[312.5, 675.78125] 0
[363.28125, 640.625] 0
[320.3125, 675.78125] 0
[324.21875, 675.78125] 0
[363.28125, 1000.0] 0
[160.15625, 644.53125] 0
[347.65625, 679.6875] 0
[199.21875, 601.5625] 0
[351.5625, 679.6875] 0
[312.5, 695.3125] 0
[308.59375, 687.5] 0
[277.34375, 667.96875] 0
[339.84375, 773.4375] 0
[246.09375, 671.875] 0
[296.875, 714.84375] 0
[328.125, 703.125] 0
[289.0625, 718.75] 0
[312.5, 703.125] 0
[347.65625, 687.5] 0
[316.40625, 695.3125] 0
[332.03125, 707.03125] 0
[328.125, 707.03125] 0
[269.53125, 730.46875] 0
[316.40625, 718.75] 0
[312.5, 738.28125] 0
[351.5625, 714.84375] 0
[328.125, 710.9375] 0
[308.59375, 707.03125] 0
[312.5, 707.03125] 0
[269.53125, 652.34375] 0
[324.21875, 734.375] 0
[328.125, 707.03125] 0
[316.40625, 703.125] 0
[300.78125, 761.71875] 0
[324.21875, 710.9375] 0
[312.5, 703.125] 0
[316.40625, 730.46875] 0
[257.8125, 734.375] 0
[316.40625, 703.125] 0
[265.625, 785.15625] 0
[316.40625, 695.3125] 0
[355.46875, 738.28125] 0
[281.25, 699.21875] 0
[308.59375, 734.375] 0
[300.78125, 710.9375] 0
[296.875, 718.75] 0
[324.21875, 792.96875] 0
[316.40625, 687.5] 0
[320.3125, 687.5] 0
[300.78125, 699.21875] 0
[308.59375, 691.40625] 0
[316.40625, 687.5] 0
[296.875, 804.6875] 0
[324.21875, 707.03125] 0
[300.78125, 746.09375] 0
[316.40625, 699.21875] 0
[320.3125, 699.21875] 0
[289.0625, 722.65625] 0
[324.21875, 699.21875] 0
[324.21875, 703.125] 0
[324.21875, 699.21875] 0
[320.3125, 710.9375] 0
[316.40625, 707.03125] 0
[320.3125, 718.75] 0
[339.84375, 710.9375] 0
[332.03125, 718.75] 0
[343.75, 718.75] 0
[304.6875, 726.5625] 0
[296.875, 734.375] 0
[324.21875, 722.65625] 0
[300.78125, 765.625] 0
[218.75, 675.78125] 0
[308.59375, 710.9375] 0
[308.59375, 714.84375] 0
[234.375, 582.03125] 0
[328.125, 734.375] 0
[300.78125, 535.15625] 0
[375.0, 679.6875] 0
[250.0, 546.875] 0
[324.21875, 710.9375] 0
[292.96875, 785.15625] 0
[347.65625, 695.3125] 0
[316.40625, 718.75] 0
[324.21875, 714.84375] 0
[363.28125, 691.40625] 0
[347.65625, 707.03125] 0
[296.875, 746.09375] 0
[324.21875, 718.75] 0
[308.59375, 726.5625] 0
[304.6875, 738.28125] 0
[402.34375, 980.46875] 0
[339.84375, 703.125] 0
[289.0625, 714.84375] 0
[3.90625, 574.21875] 0
[316.40625, 679.6875] 0
[332.03125, 660.15625] 0
[261.71875, 726.5625] 0
[328.125, 640.625] 0
[398.4375, 761.71875] 0
[292.96875, 726.5625] 0
[304.6875, 671.875] 0
[312.5, 667.96875] 0
[312.5, 671.875] 0
[300.78125, 675.78125] 0
[363.28125, 714.84375] 0
[250.0, 644.53125] 0
[296.875, 683.59375] 0
[273.4375, 679.6875] 0
[320.3125, 632.8125] 0
[335.9375, 1000.0] 0
[339.84375, 945.3125] 0
[308.59375, 601.5625] 0
[304.6875, 730.46875] 0
[3.90625, 1000.0] 0
[148.4375, 687.5] 0
[277.34375, 691.40625] 0
[394.53125, 953.125] 0
[308.59375, 714.84375] 0
[324.21875, 1000.0] 0
[304.6875, 707.03125] 0
[390.625, 683.59375] 0
[351.5625, 972.65625] 0
[300.78125, 656.25] 0
[324.21875, 644.53125] 0
[390.625, 718.75] 0
[222.65625, 695.3125] 0
[406.25, 742.1875] 0
[332.03125, 707.03125] 0
[480.46875, 1000.0] 0
[316.40625, 667.96875] 0
[156.25, 476.5625] 0
[292.96875, 671.875] 0
[304.6875, 679.6875] 0
[316.40625, 671.875] 0
[296.875, 679.6875] 0
[343.75, 664.0625] 0
[398.4375, 765.625] 0
[355.46875, 679.6875] 0
[246.09375, 656.25] 0
[300.78125, 667.96875] 0
[246.09375, 664.0625] 0
[332.03125, 687.5] 0
[183.59375, 695.3125] 0
[316.40625, 707.03125] 0
[296.875, 730.46875] 0
[214.84375, 609.375] 0
[343.75, 703.125] 0
[359.375, 699.21875] 0
[164.0625, 660.15625] 0
[332.03125, 695.3125] 0
[328.125, 687.5] 0
[300.78125, 703.125] 0
[226.5625, 554.6875] 0
[304.6875, 738.28125] 0
[300.78125, 714.84375] 0
[257.8125, 734.375] 0
[308.59375, 707.03125] 0
[289.0625, 785.15625] 0
[300.78125, 710.9375] 0
[316.40625, 730.46875] 0
[171.875, 675.78125] 0
[320.3125, 703.125] 0
[335.9375, 750.0] 0
[300.78125, 726.5625] 0
[316.40625, 718.75] 0
[300.78125, 730.46875] 0
[300.78125, 738.28125] 0
[312.5, 718.75] 0
[320.3125, 718.75] 0
[304.6875, 714.84375] 0
[312.5, 703.125] 0
[304.6875, 734.375] 0
[324.21875, 695.3125] 0
[324.21875, 691.40625] 0
[496.09375, 824.21875] 0
[296.875, 699.21875] 0
[312.5, 695.3125] 0
[253.90625, 785.15625] 1
[339.84375, 691.40625] 0
[320.3125, 710.9375] 0
[339.84375, 714.84375] 0
[335.9375, 710.9375] 0
[332.03125, 714.84375] 0
[406.25, 812.5] 0
[324.21875, 730.46875] 0
[332.03125, 722.65625] 0
[339.84375, 714.84375] 0
[332.03125, 714.84375] 0
[261.71875, 789.0625] 0
[308.59375, 726.5625] 0
[324.21875, 714.84375] 0
[292.96875, 750.0] 0
[304.6875, 738.28125] 0
[316.40625, 710.9375] 0
[304.6875, 718.75] 0
[324.21875, 687.5] 0
[308.59375, 531.25] 0
[308.59375, 722.65625] 0
[292.96875, 777.34375] 0
[312.5, 714.84375] 0
[308.59375, 777.34375] 0
[308.59375, 671.875] 0
[343.75, 687.5] 0
[449.21875, 847.65625] 0
[332.03125, 714.84375] 0
[316.40625, 742.1875] 0
[363.28125, 707.03125] 0
[328.125, 726.5625] 0
[304.6875, 714.84375] 0
[343.75, 714.84375] 0
[378.90625, 664.0625] 0
[265.625, 734.375] 0
[335.9375, 695.3125] 0
[324.21875, 707.03125] 0
[300.78125, 773.4375] 0
[332.03125, 710.9375] 0
[371.09375, 781.25] 0
[300.78125, 773.4375] 0
[464.84375, 1000.0] 0
[359.375, 1000.0] 0
[324.21875, 722.65625] 0
[324.21875, 875.0] 0
[312.5, 730.46875] 0
[296.875, 1000.0] 0
[343.75, 765.625] 0
[925.78125, 1000.0] 1
[703.125, 1050.78125] 1
[707.03125, 1050.78125] 1
[707.03125, 1058.59375] 1
[703.125, 1058.59375] 1
[707.03125, 1062.5] 1
[707.03125, 1066.40625] 1
[707.03125, 1066.40625] 1
[707.03125, 1070.3125] 1
[707.03125, 1070.3125] 1
[707.03125, 1070.3125] 1
[707.03125, 1070.3125] 1
[707.03125, 1074.21875] 1
[703.125, 1109.375] 1
[718.75, 1062.5] 1
[707.03125, 1082.03125] 1
[707.03125, 1082.03125] 1
[714.84375, 1074.21875] 1
[707.03125, 1082.03125] 1
[707.03125, 1082.03125] 1
[714.84375, 1078.125] 1
[710.9375, 1078.125] 1
[707.03125, 1082.03125] 1
[710.9375, 1082.03125] 1
[710.9375, 1085.9375] 1
[710.9375, 1085.9375] 1
[710.9375, 1082.03125] 1
[710.9375, 1085.9375] 1
[710.9375, 1085.9375] 1
[707.03125, 1082.03125] 1
[710.9375, 1082.03125] 1
[707.03125, 1085.9375] 1
[707.03125, 1085.9375] 1
[707.03125, 1085.9375] 1
[707.03125, 1082.03125] 1
[710.9375, 1085.9375] 1
[710.9375, 1085.9375] 1
[714.84375, 1085.9375] 1
[710.9375, 1089.84375] 1
[710.9375, 1089.84375] 1
[710.9375, 1089.84375] 1
[714.84375, 1089.84375] 1
[714.84375, 1117.1875] 1
[718.75, 1097.65625] 1
[726.5625, 1089.84375] 1
[722.65625, 1089.84375] 1
[722.65625, 1093.75] 1
[722.65625, 1093.75] 1
[726.5625, 1093.75] 1
[726.5625, 1101.5625] 1
[730.46875, 1093.75] 1
[738.28125, 1085.9375] 1
[726.5625, 1121.09375] 1
[730.46875, 1097.65625] 1
[738.28125, 1082.03125] 1
[710.9375, 1121.09375] 1
[734.375, 1089.84375] 1
[742.1875, 1058.59375] 1
[730.46875, 1085.9375] 1
[730.46875, 1089.84375] 1
[742.1875, 1062.5] 1
[730.46875, 1085.9375] 1
[730.46875, 1089.84375] 1
[730.46875, 1089.84375] 1
[730.46875, 1089.84375] 1
[734.375, 1089.84375] 1
[742.1875, 1066.40625] 1
[734.375, 1105.46875] 1
[722.65625, 1125.0] 1
[746.09375, 1070.3125] 1
[734.375, 1093.75] 1
[726.5625, 1117.1875] 1
[738.28125, 1089.84375] 1
[738.28125, 1093.75] 1
[734.375, 1089.84375] 1
[742.1875, 1089.84375] 1
[750.0, 1074.21875] 1
[734.375, 1093.75] 1
[738.28125, 1085.9375] 1
[738.28125, 1085.9375] 1
[738.28125, 1085.9375] 1
[738.28125, 1082.03125] 1
[742.1875, 1078.125] 1
[734.375, 1082.03125] 1
[734.375, 1082.03125] 1
[746.09375, 1062.5] 1
[714.84375, 1105.46875] 1
[738.28125, 1074.21875] 1
[750.0, 1054.6875] 1
[730.46875, 1078.125] 1
[761.71875, 1449.21875] 1
[734.375, 1062.5] 1
[722.65625, 1062.5] 1
[738.28125, 1050.78125] 1
[714.84375, 1058.59375] 1
[750.0, 1394.53125] 1
[710.9375, 1042.96875] 1
[714.84375, 1000.0] 0
[730.46875, 1035.15625] 1
[714.84375, 1031.25] 1
[320.3125, 730.46875] 0
[734.375, 1500.0] 1
[683.59375, 996.09375] 0
[687.5, 1367.1875] 1
[695.3125, 1367.1875] 1
[703.125, 1066.40625] 1
[667.96875, 1382.8125] 1
[136.71875, 832.03125] 1
[707.03125, 1058.59375] 1
[792.96875, 1136.71875] 1
[781.25, 1078.125] 1
[804.6875, 1089.84375] 1
[796.875, 1089.84375] 1
[796.875, 1097.65625] 1
[773.4375, 1101.5625] 1
[785.15625, 1089.84375] 1
[796.875, 1058.59375] 1
[777.34375, 1078.125] 1
[773.4375, 1035.15625] 1
[328.125, 781.25] 0
[335.9375, 773.4375] 0
[769.53125, 1066.40625] 1
[308.59375, 777.34375] 0
[773.4375, 1019.53125] 1
[769.53125, 1031.25] 1
[761.71875, 1046.875] 1
[757.8125, 1019.53125] 1
[753.90625, 1042.96875] 1
[757.8125, 1011.71875] 1
[757.8125, 1039.0625] 1
[328.125, 765.625] 0
[753.90625, 1046.875] 1
[750.0, 1035.15625] 1
[757.8125, 1019.53125] 1
[753.90625, 1031.25] 1
[757.8125, 1031.25] 1
[746.09375, 1050.78125] 1
[750.0, 1046.875] 1
[750.0, 1042.96875] 1
[746.09375, 1042.96875] 1
[753.90625, 1042.96875] 1
[746.09375, 1050.78125] 1
[746.09375, 1046.875] 1
[746.09375, 1050.78125] 1
[753.90625, 1035.15625] 1
[746.09375, 1050.78125] 1
[738.28125, 1066.40625] 1
[738.28125, 1058.59375] 1
[328.125, 757.8125] 0
[738.28125, 1062.5] 1
[738.28125, 1058.59375] 1
[742.1875, 1050.78125] 1
[734.375, 1066.40625] 1
[746.09375, 1031.25] 1
[750.0, 1035.15625] 1
[742.1875, 1054.6875] 1
[738.28125, 1062.5] 1
[738.28125, 1062.5] 1
[738.28125, 1066.40625] 1
[753.90625, 1019.53125] 1
[746.09375, 1062.5] 1
[738.28125, 1070.3125] 1
[753.90625, 1042.96875] 1
[742.1875, 1074.21875] 1
[738.28125, 1074.21875] 1
[750.0, 1058.59375] 1
[738.28125, 1078.125] 1
[738.28125, 1078.125] 1
[738.28125, 1078.125] 1
[746.09375, 1070.3125] 1
[746.09375, 1074.21875] 1
[738.28125, 1078.125] 1
[742.1875, 1078.125] 1
[738.28125, 1097.65625] 1
[742.1875, 1078.125] 1
[746.09375, 1074.21875] 1
[742.1875, 1078.125] 1
[742.1875, 1078.125] 1
[750.0, 1070.3125] 1
[738.28125, 1082.03125] 1
[746.09375, 1074.21875] 1
[742.1875, 1082.03125] 1
[738.28125, 1085.9375] 1
[738.28125, 1082.03125] 1
[742.1875, 1082.03125] 1
[738.28125, 1085.9375] 1
[738.28125, 1085.9375] 1
[742.1875, 1085.9375] 1
[742.1875, 1082.03125] 1
[742.1875, 1085.9375] 1
[742.1875, 1078.125] 1
[742.1875, 1082.03125] 1
[750.0, 1070.3125] 1
[746.09375, 1078.125] 1
[750.0, 1078.125] 1
[742.1875, 1085.9375] 1
[750.0, 1078.125] 1
[750.0, 1082.03125] 1
[734.375, 1113.28125] 1
[753.90625, 1082.03125] 1
[746.09375, 1085.9375] 1
[746.09375, 1089.84375] 1
[750.0, 1085.9375] 1
[750.0, 1085.9375] 1
[750.0, 1097.65625] 1
[753.90625, 1089.84375] 1
[757.8125, 1082.03125] 1
[750.0, 1093.75] 1
[750.0, 1097.65625] 1
[753.90625, 1093.75] 1
[750.0, 1093.75] 1
[750.0, 1093.75] 1
[750.0, 1093.75] 1
[750.0, 1093.75] 1
[753.90625, 1085.9375] 1
[750.0, 1085.9375] 1
[753.90625, 1089.84375] 1
[750.0, 1089.84375] 1
[753.90625, 1089.84375] 1
[746.09375, 1089.84375] 1
[746.09375, 1089.84375] 1
[746.09375, 1085.9375] 1
[746.09375, 1085.9375] 1
[750.0, 1082.03125] 1
[746.09375, 1082.03125] 1
[742.1875, 1078.125] 1
[746.09375, 1074.21875] 1
[738.28125, 1089.84375] 1
[746.09375, 1070.3125] 1
[746.09375, 1070.3125] 1
[730.46875, 1093.75] 1
[757.8125, 1046.875] 1
[710.9375, 1089.84375] 1
[355.46875, 750.0] 0
[742.1875, 1058.59375] 1
[742.1875, 1054.6875] 1
[359.375, 761.71875] 0
[722.65625, 1085.9375] 1
[746.09375, 1082.03125] 1
[386.71875, 773.4375] 0
[164.0625, 769.53125] 0
[406.25, 800.78125] 0
[378.90625, 769.53125] 0
[746.09375, 1304.6875] 1
[804.6875, 1261.71875] 1
[394.53125, 769.53125] 0
[695.3125, 1453.125] 1
[824.21875, 1140.625] 1
[300.78125, 906.25] 0
[812.5, 1179.6875] 1
[722.65625, 1105.46875] 1
[718.75, 1109.375] 1
[714.84375, 1113.28125] 1
[722.65625, 1113.28125] 1
[722.65625, 1109.375] 1
[718.75, 1117.1875] 1
[726.5625, 1117.1875] 1
[726.5625, 1113.28125] 1
[734.375, 1121.09375] 1
[730.46875, 1113.28125] 1
[726.5625, 1117.1875] 1
[722.65625, 1121.09375] 1
[726.5625, 1113.28125] 1
[722.65625, 1121.09375] 1
[734.375, 1121.09375] 1
[726.5625, 1121.09375] 1
[722.65625, 1121.09375] 1
[726.5625, 1128.90625] 1
[718.75, 1132.8125] 1
[710.9375, 1132.8125] 1
[707.03125, 1132.8125] 1
[703.125, 1132.8125] 1
[703.125, 1140.625] 1
[718.75, 1136.71875] 1
[707.03125, 1136.71875] 1
[703.125, 1140.625] 1
[707.03125, 1136.71875] 1
[707.03125, 1136.71875] 1
[707.03125, 1136.71875] 1
[703.125, 1140.625] 1
[707.03125, 1132.8125] 1
[699.21875, 1136.71875] 1
[691.40625, 1140.625] 1
[695.3125, 1140.625] 1
[691.40625, 1140.625] 1
[691.40625, 1144.53125] 1
[695.3125, 1140.625] 1
[699.21875, 1136.71875] 1
[691.40625, 1140.625] 1
[687.5, 1144.53125] 1
[687.5, 1136.71875] 1
[687.5, 1140.625] 1
[679.6875, 1144.53125] 1
[691.40625, 1140.625] 1
[687.5, 1148.4375] 1
[675.78125, 1152.34375] 1
[683.59375, 1152.34375] 1
[683.59375, 1148.4375] 1
[671.875, 1152.34375] 1
[675.78125, 1152.34375] 1
[687.5, 1144.53125] 1
[679.6875, 1148.4375] 1
[675.78125, 1144.53125] 1
[679.6875, 1144.53125] 1
[679.6875, 1144.53125] 1
[683.59375, 1136.71875] 1
[687.5, 1136.71875] 1
[687.5, 1136.71875] 1
[679.6875, 1140.625] 1
[695.3125, 1128.90625] 1
[691.40625, 1132.8125] 1
[675.78125, 1171.875] 1
[695.3125, 1136.71875] 1
[656.25, 1171.875] 1
[687.5, 1136.71875] 1
[695.3125, 1132.8125] 1
[691.40625, 1136.71875] 1
[699.21875, 1136.71875] 1
[832.03125, 1195.3125] 1
[710.9375, 1132.8125] 1
[656.25, 1156.25] 1
[656.25, 1183.59375] 1
[699.21875, 1148.4375] 1
[683.59375, 1195.3125] 1
[722.65625, 1136.71875] 1
[718.75, 1121.09375] 1
[726.5625, 1125.0] 1
[843.75, 1203.125] 1
[765.625, 1500.0] 1
[1050.78125, 1441.40625] 1
[816.40625, 1363.28125] 1
[406.25, 1156.25] 0
[3.90625, 1500.0] 2
[781.25, 1128.90625] 1
[750.0, 1152.34375] 1
[753.90625, 1171.875] 1
[746.09375, 1140.625] 1
[750.0, 1144.53125] 1
[746.09375, 1136.71875] 1
[753.90625, 1132.8125] 1
[757.8125, 1128.90625] 1
[757.8125, 1132.8125] 1
[761.71875, 1132.8125] 1
[761.71875, 1132.8125] 1
[765.625, 1128.90625] 1
[765.625, 1128.90625] 1
[765.625, 1125.0] 1
[769.53125, 1121.09375] 1
[769.53125, 1125.0] 1
[769.53125, 1121.09375] 1
[769.53125, 1121.09375] 1
[765.625, 1121.09375] 1
[761.71875, 1121.09375] 1
[757.8125, 1125.0] 1
[753.90625, 1117.1875] 1
[750.0, 1109.375] 1
[750.0, 1109.375] 1
[750.0, 1113.28125] 1
[746.09375, 1113.28125] 1
[746.09375, 1113.28125] 1
[742.1875, 1105.46875] 1
[742.1875, 1109.375] 1
[746.09375, 1101.5625] 1
[742.1875, 1105.46875] 1
[742.1875, 1105.46875] 1
[742.1875, 1101.5625] 1
[746.09375, 1105.46875] 1
[742.1875, 1109.375] 1
[753.90625, 1101.5625] 1
[738.28125, 1113.28125] 1
[738.28125, 1113.28125] 1
[742.1875, 1109.375] 1
[738.28125, 1109.375] 1
[734.375, 1109.375] 1
[738.28125, 1109.375] 1
[734.375, 1109.375] 1
[730.46875, 1109.375] 1
[734.375, 1109.375] 1
[734.375, 1109.375] 1
[734.375, 1113.28125] 1
[730.46875, 1113.28125] 1
[730.46875, 1113.28125] 1
[730.46875, 1109.375] 1
[726.5625, 1113.28125] 1
[734.375, 1113.28125] 1
[730.46875, 1109.375] 1
[726.5625, 1109.375] 1
[730.46875, 1113.28125] 1
[726.5625, 1109.375] 1
[722.65625, 1109.375] 1
[722.65625, 1113.28125] 1
[726.5625, 1113.28125] 1
[722.65625, 1113.28125] 1
[726.5625, 1113.28125] 1
[718.75, 1109.375] 1
[714.84375, 1109.375] 1
[707.03125, 1109.375] 1
[707.03125, 1101.5625] 1
[707.03125, 1105.46875] 1
[714.84375, 1101.5625] 1
[718.75, 1109.375] 1
[722.65625, 1113.28125] 1
[722.65625, 1113.28125] 1
[722.65625, 1117.1875] 1
[710.9375, 1125.0] 1
[710.9375, 1113.28125] 1
[710.9375, 1113.28125] 1
[718.75, 1121.09375] 1
[718.75, 1113.28125] 1
[722.65625, 1121.09375] 1
[710.9375, 1121.09375] 1
[710.9375, 1117.1875] 1
[703.125, 1113.28125] 1
[695.3125, 1105.46875] 1
[828.125, 1175.78125] 1
[699.21875, 1125.0] 1
[820.3125, 1500.0] 1
[707.03125, 1113.28125] 1
[757.8125, 1195.3125] 1
[695.3125, 1117.1875] 1
[789.0625, 1105.46875] 1
[699.21875, 1128.90625] 1
[757.8125, 1234.375] 1
[843.75, 1207.03125] 1
[707.03125, 1152.34375] 1
[875.0, 1500.0] 1
[457.03125, 816.40625] 0
[773.4375, 1058.59375] 1
[308.59375, 781.25] 0
[773.4375, 1109.375] 1
[777.34375, 1101.5625] 1
[781.25, 1109.375] 1
[800.78125, 1046.875] 1
[773.4375, 1136.71875] 1
[789.0625, 1066.40625] 1
[253.90625, 777.34375] 1
[777.34375, 1078.125] 1
[769.53125, 1085.9375] 1
[769.53125, 1085.9375] 1
[765.625, 1082.03125] 1
[761.71875, 1089.84375] 1
[761.71875, 1089.84375] 1
[761.71875, 1089.84375] 1
[765.625, 1085.9375] 1
[761.71875, 1089.84375] 1
[761.71875, 1089.84375] 1
[757.8125, 1089.84375] 1
[757.8125, 1093.75] 1
[765.625, 1093.75] 1
[757.8125, 1089.84375] 1
[757.8125, 1085.9375] 1
[765.625, 1082.03125] 1
[757.8125, 1082.03125] 1
[761.71875, 1074.21875] 1
[753.90625, 1074.21875] 1
[750.0, 1066.40625] 1
[746.09375, 1074.21875] 1
[738.28125, 1074.21875] 1
[730.46875, 1074.21875] 1
[722.65625, 1074.21875] 1
[722.65625, 1074.21875] 1
[722.65625, 1078.125] 1
[718.75, 1085.9375] 1
[714.84375, 1089.84375] 1
[710.9375, 1089.84375] 1
[710.9375, 1089.84375] 1
[707.03125, 1089.84375] 1
[707.03125, 1085.9375] 1
[707.03125, 1089.84375] 1
[707.03125, 1085.9375] 1
[703.125, 1082.03125] 1
[703.125, 1085.9375] 1
[703.125, 1082.03125] 1
[703.125, 1082.03125] 1
[703.125, 1078.125] 1
[699.21875, 1082.03125] 1
[699.21875, 1078.125] 1
[699.21875, 1082.03125] 1
[699.21875, 1082.03125] 1
[699.21875, 1082.03125] 1
[695.3125, 1082.03125] 1
[695.3125, 1085.9375] 1
[691.40625, 1085.9375] 1
[691.40625, 1089.84375] 1
[691.40625, 1089.84375] 1
[691.40625, 1089.84375] 1
[695.3125, 1093.75] 1
[691.40625, 1093.75] 1
[691.40625, 1089.84375] 1
[695.3125, 1097.65625] 1
[695.3125, 1093.75] 1
[695.3125, 1097.65625] 1
[695.3125, 1093.75] 1
[691.40625, 1093.75] 1
[691.40625, 1097.65625] 1
[695.3125, 1097.65625] 1
[691.40625, 1101.5625] 1
[695.3125, 1101.5625] 1
[695.3125, 1105.46875] 1
[699.21875, 1105.46875] 1
[699.21875, 1105.46875] 1
[695.3125, 1113.28125] 1
[699.21875, 1113.28125] 1
[699.21875, 1117.1875] 1
[703.125, 1113.28125] 1
[699.21875, 1117.1875] 1
[699.21875, 1121.09375] 1
[695.3125, 1121.09375] 1
[695.3125, 1121.09375] 1
[695.3125, 1121.09375] 1
[699.21875, 1117.1875] 1
[699.21875, 1117.1875] 1
[699.21875, 1121.09375] 1
[699.21875, 1113.28125] 1
[695.3125, 1121.09375] 1
[695.3125, 1113.28125] 1
[695.3125, 1117.1875] 1
[699.21875, 1117.1875] 1
[695.3125, 1117.1875] 1
[695.3125, 1121.09375] 1
[691.40625, 1121.09375] 1
[683.59375, 1125.0] 1
[683.59375, 1121.09375] 1
[683.59375, 1121.09375] 1
[687.5, 1113.28125] 1
[687.5, 1125.0] 1
[695.3125, 1113.28125] 1
[699.21875, 1109.375] 1
[695.3125, 1128.90625] 1
[691.40625, 1109.375] 1
[695.3125, 1097.65625] 1
[691.40625, 1101.5625] 1
[675.78125, 1113.28125] 1
[812.5, 1222.65625] 1
[687.5, 1105.46875] 1
[699.21875, 1125.0] 1
[140.625, 957.03125] 0
[714.84375, 1125.0] 1
[820.3125, 1195.3125] 1
[695.3125, 1132.8125] 1
[480.46875, 1210.9375] 0
[562.5, 1109.375] 1
[800.78125, 1296.875] 1
[746.09375, 1144.53125] 1
[859.375, 1199.21875] 1
[746.09375, 1160.15625] 1
[796.875, 1253.90625] 1
[753.90625, 1117.1875] 1
[820.3125, 1253.90625] 1
[734.375, 1167.96875] 1
[726.5625, 1183.59375] 1
[882.8125, 1230.46875] 1
[734.375, 1183.59375] 1
[886.71875, 1164.0625] 1
[734.375, 1179.6875] 1
[832.03125, 1296.875] 1
[734.375, 1175.78125] 1
[730.46875, 1175.78125] 1
[730.46875, 1171.875] 1
[730.46875, 1171.875] 1
[882.8125, 1210.9375] 1
[734.375, 1160.15625] 1
[894.53125, 1164.0625] 1
[738.28125, 1160.15625] 1
[742.1875, 1191.40625] 1
[738.28125, 1156.25] 1
[734.375, 1148.4375] 1
[800.78125, 1187.5] 1
[734.375, 1152.34375] 1
[914.0625, 1175.78125] 1
[730.46875, 1144.53125] 1
[148.4375, 937.5] 0
[722.65625, 1160.15625] 1
[167.96875, 937.5] 0
[718.75, 1136.71875] 1
[710.9375, 1132.8125] 1
[718.75, 1140.625] 1
[171.875, 933.59375] 0
[714.84375, 1144.53125] 1
[714.84375, 1132.8125] 1
[714.84375, 1132.8125] 1
[718.75, 1136.71875] 1
[718.75, 1132.8125] 1
[714.84375, 1132.8125] 1
[710.9375, 1128.90625] 1
[710.9375, 1128.90625] 1
[710.9375, 1128.90625] 1
[710.9375, 1128.90625] 1
[703.125, 1132.8125] 1
[703.125, 1128.90625] 1
[699.21875, 1128.90625] 1
[707.03125, 1125.0] 1
[703.125, 1125.0] 1
[703.125, 1121.09375] 1
[699.21875, 1121.09375] 1
[699.21875, 1117.1875] 1
[699.21875, 1117.1875] 1
[695.3125, 1113.28125] 1
[695.3125, 1109.375] 1
[691.40625, 1113.28125] 1
[691.40625, 1105.46875] 1
[687.5, 1113.28125] 1
[468.75, 1007.8125] 0
[691.40625, 1109.375] 1
[691.40625, 1109.375] 1
[687.5, 1105.46875] 1
[460.9375, 996.09375] 0
[691.40625, 1109.375] 1
[691.40625, 1109.375] 1
[691.40625, 1109.375] 1
[699.21875, 1105.46875] 1
[691.40625, 1109.375] 1
[695.3125, 1105.46875] 1
[695.3125, 1109.375] 1
[695.3125, 1113.28125] 1
[699.21875, 1113.28125] 1
[691.40625, 1125.0] 1
[191.40625, 1015.625] 1
[703.125, 1113.28125] 1
[695.3125, 1117.1875] 1
[699.21875, 1117.1875] 1
[691.40625, 1113.28125] 1
[199.21875, 945.3125] 0
[691.40625, 1113.28125] 1
[179.6875, 921.875] 1
[695.3125, 1101.5625] 1
[699.21875, 1109.375] 1
[699.21875, 1109.375] 1
[707.03125, 1113.28125] 1
[703.125, 1117.1875] 1
[695.3125, 1117.1875] 1
[695.3125, 1117.1875] 1
[691.40625, 1117.1875] 1
[683.59375, 1121.09375] 1
[683.59375, 1113.28125] 1
[687.5, 1109.375] 1
[695.3125, 1113.28125] 1
[496.09375, 1171.875] 0
[691.40625, 1109.375] 1
[851.5625, 1179.6875] 1
[691.40625, 1109.375] 1
[839.84375, 1160.15625] 1
[695.3125, 1117.1875] 1
[703.125, 1125.0] 1
[82.03125, 863.28125] 1
[710.9375, 1113.28125] 1
[718.75, 1113.28125] 1
[386.71875, 777.34375] 0
[593.75, 1191.40625] 1
[726.5625, 1132.8125] 1
[1496.09375, 1500.0] 1
[347.65625, 2398.4375] 2
[328.125, 2433.59375] 2
[335.9375, 2417.96875] 2
[339.84375, 2414.0625] 2
[339.84375, 2406.25] 2
[343.75, 2414.0625] 2
[332.03125, 2417.96875] 2
[347.65625, 2441.40625] 2
[324.21875, 2421.875] 2
[332.03125, 2449.21875] 2
[332.03125, 2453.125] 2
[332.03125, 2457.03125] 2
[343.75, 2457.03125] 2
[335.9375, 2472.65625] 2
[332.03125, 2468.75] 2
[343.75, 2476.5625] 2
[328.125, 2441.40625] 2
[355.46875, 2457.03125] 2
[335.9375, 2460.9375] 2
[335.9375, 2464.84375] 2
[343.75, 2460.9375] 2
[335.9375, 2464.84375] 2
[339.84375, 2468.75] 2
[335.9375, 2457.03125] 2
[339.84375, 2457.03125] 2
[343.75, 2457.03125] 2
[359.375, 2453.125] 2
[332.03125, 2460.9375] 2
[335.9375, 2457.03125] 2
[335.9375, 2457.03125] 2
[339.84375, 2457.03125] 2
[351.5625, 2453.125] 2
[335.9375, 2445.3125] 2
[339.84375, 2468.75] 2
[332.03125, 2468.75] 2
[335.9375, 2464.84375] 2
[335.9375, 2460.9375] 2
[339.84375, 2445.3125] 2
[339.84375, 2453.125] 2
[343.75, 2449.21875] 2
[339.84375, 2457.03125] 2
[335.9375, 2445.3125] 2
[347.65625, 2445.3125] 2
[335.9375, 2445.3125] 2
[343.75, 2433.59375] 2
[332.03125, 2429.6875] 2
[328.125, 2433.59375] 2
[335.9375, 2437.5] 2
[339.84375, 2433.59375] 2
[339.84375, 2437.5] 2
[339.84375, 2437.5] 2
[335.9375, 2429.6875] 2
[332.03125, 2410.15625] 2
[324.21875, 2417.96875] 2
[328.125, 2417.96875] 2
[320.3125, 2421.875] 2
[320.3125, 2406.25] 2
[332.03125, 2410.15625] 2
[324.21875, 2410.15625] 2
[316.40625, 2398.4375] 2
[332.03125, 2390.625] 2
[324.21875, 2386.71875] 2
[324.21875, 2382.8125] 2
[332.03125, 2375.0] 2
[328.125, 2386.71875] 2
[316.40625, 2402.34375] 2
[320.3125, 2394.53125] 2
[320.3125, 2421.875] 2
[324.21875, 2417.96875] 2
[312.5, 2437.5] 2
[316.40625, 2429.6875] 2
[332.03125, 2390.625] 2
[308.59375, 2394.53125] 2
[316.40625, 2386.71875] 2
[320.3125, 2343.75] 2
[359.375, 2316.40625] 2
[304.6875, 2312.5] 2
[351.5625, 2304.6875] 2
[312.5, 2312.5] 2
[320.3125, 2300.78125] 2
[355.46875, 2238.28125] 2
[308.59375, 2250.0] 2
[304.6875, 2261.71875] 2
[320.3125, 2312.5] 2
[316.40625, 2257.8125] 2
[320.3125, 2246.09375] 2
[324.21875, 2359.375] 2
[320.3125, 2156.25] 2
[312.5, 2257.8125] 2
[332.03125, 2269.53125] 2
[367.1875, 2300.78125] 2
[351.5625, 2222.65625] 2
[453.125, 2265.625] 2
[312.5, 2269.53125] 2
[273.4375, 2285.15625] 2
[285.15625, 2273.4375] 2
[316.40625, 2261.71875] 2
[285.15625, 2269.53125] 2
[289.0625, 2273.4375] 2
[285.15625, 2277.34375] 2
[292.96875, 2289.0625] 2
[281.25, 2281.25] 2
[281.25, 2292.96875] 2
[277.34375, 2281.25] 2
[320.3125, 2277.34375] 2
[281.25, 2281.25] 2
[312.5, 2257.8125] 2
[296.875, 2292.96875] 2
[285.15625, 2285.15625] 2
[320.3125, 2285.15625] 2
[285.15625, 2292.96875] 2
[277.34375, 2289.0625] 2
[289.0625, 2289.0625] 2
[281.25, 2296.875] 2
[312.5, 2289.0625] 2
[296.875, 2289.0625] 2
[281.25, 2292.96875] 2
[304.6875, 2285.15625] 2
[289.0625, 2289.0625] 2
[277.34375, 2289.0625] 2
[273.4375, 2285.15625] 2
[296.875, 2265.625] 2
[273.4375, 2281.25] 2
[269.53125, 2273.4375] 2
[277.34375, 2289.0625] 2
[285.15625, 2296.875] 2
[281.25, 2277.34375] 2
[269.53125, 2265.625] 2
[277.34375, 2269.53125] 2
[277.34375, 2257.8125] 2
[285.15625, 2242.1875] 2
[277.34375, 2242.1875] 2
[281.25, 2238.28125] 2
[285.15625, 2234.375] 2
[285.15625, 2218.75] 2
[281.25, 2226.5625] 2
[289.0625, 2218.75] 2
[289.0625, 2234.375] 2
[285.15625, 2230.46875] 2
[289.0625, 2222.65625] 2
[289.0625, 2218.75] 2
[289.0625, 2222.65625] 2
[289.0625, 2226.5625] 2
[289.0625, 2226.5625] 2
[289.0625, 2218.75] 2
[289.0625, 2234.375] 2
[292.96875, 2242.1875] 2
[289.0625, 2238.28125] 2
[292.96875, 2234.375] 2
[296.875, 2234.375] 2
[300.78125, 2238.28125] 2
[289.0625, 2246.09375] 2
[292.96875, 2238.28125] 2
[292.96875, 2246.09375] 2
[296.875, 2230.46875] 2
[289.0625, 2250.0] 2
[292.96875, 2246.09375] 2
[292.96875, 2269.53125] 2
[296.875, 2269.53125] 2
[296.875, 2253.90625] 2
[296.875, 2265.625] 2
[296.875, 2257.8125] 2
[296.875, 2257.8125] 2
[289.0625, 2261.71875] 2
[296.875, 2242.1875] 2
[296.875, 2257.8125] 2
[292.96875, 2261.71875] 2
[296.875, 2265.625] 2
[300.78125, 2273.4375] 2
[296.875, 2265.625] 2
[296.875, 2273.4375] 2
[296.875, 2257.8125] 2
[292.96875, 2269.53125] 2
[296.875, 2277.34375] 2
[300.78125, 2246.09375] 2
[304.6875, 2269.53125] 2
[300.78125, 2273.4375] 2
[300.78125, 2277.34375] 2
[300.78125, 2265.625] 2
[300.78125, 2265.625] 2
[296.875, 2265.625] 2
[300.78125, 2261.71875] 2
[300.78125, 2265.625] 2
[300.78125, 2265.625] 2
[300.78125, 2257.8125] 2
[320.3125, 2246.09375] 2
[312.5, 2250.0] 2
[316.40625, 2238.28125] 2
[320.3125, 2222.65625] 2
[332.03125, 2218.75] 2
[332.03125, 2214.84375] 2
[324.21875, 2222.65625] 2
[332.03125, 2234.375] 2
[320.3125, 2238.28125] 2
[324.21875, 2250.0] 2
[320.3125, 2234.375] 2
[328.125, 2234.375] 2
[324.21875, 2246.09375] 2
[312.5, 2234.375] 2
[324.21875, 2242.1875] 2
[320.3125, 2246.09375] 2
[320.3125, 2238.28125] 2
[316.40625, 2226.5625] 2
[320.3125, 2218.75] 2
[320.3125, 2214.84375] 2
[316.40625, 2203.125] 2
[320.3125, 2203.125] 2
[320.3125, 2195.3125] 2
[320.3125, 2203.125] 2
[332.03125, 2191.40625] 2
[320.3125, 2199.21875] 2
[332.03125, 2179.6875] 2
[316.40625, 2187.5] 2
[308.59375, 2187.5] 2
[324.21875, 2199.21875] 2
[312.5, 2207.03125] 2
[304.6875, 2214.84375] 2
[308.59375, 2199.21875] 2
[300.78125, 2195.3125] 2
[320.3125, 2183.59375] 2
[304.6875, 2191.40625] 2
[328.125, 2171.875] 2
[304.6875, 2187.5] 2
[292.96875, 2171.875] 2
[320.3125, 2183.59375] 2
[308.59375, 2175.78125] 2
[332.03125, 2171.875] 2
[312.5, 2144.53125] 2
[320.3125, 2140.625] 2
[234.375, 2207.03125] 2
[421.875, 1953.125] 2
[261.71875, 1957.03125] 2
[261.71875, 2230.46875] 2
[300.78125, 2273.4375] 2
[281.25, 2246.09375] 2
[250.0, 2269.53125] 2
[308.59375, 2289.0625] 2
[261.71875, 2273.4375] 2
[253.90625, 2296.875] 2
[273.4375, 2304.6875] 2
[296.875, 2308.59375] 2
[296.875, 2308.59375] 2
[269.53125, 2320.3125] 2
[273.4375, 2328.125] 2
[300.78125, 2320.3125] 2
[273.4375, 2328.125] 2
[261.71875, 2324.21875] 2
[277.34375, 2328.125] 2
[257.8125, 2320.3125] 2
[261.71875, 2324.21875] 2
[273.4375, 2335.9375] 2
[285.15625, 2335.9375] 2
[253.90625, 2335.9375] 2
[277.34375, 2347.65625] 2
[308.59375, 2324.21875] 2
[250.0, 2332.03125] 2
[265.625, 2351.5625] 2
[261.71875, 2343.75] 2
[250.0, 2335.9375] 2
[250.0, 2355.46875] 2
[324.21875, 2281.25] 2
[285.15625, 2351.5625] 2
[281.25, 2351.5625] 2
[289.0625, 2355.46875] 2
[289.0625, 2359.375] 2
[289.0625, 2355.46875] 2
[296.875, 2347.65625] 2
[269.53125, 2339.84375] 2
[253.90625, 2343.75] 2
[269.53125, 2343.75] 2
[261.71875, 2347.65625] 2
[250.0, 2339.84375] 2
[292.96875, 2375.0] 2
[328.125, 2316.40625] 2
[269.53125, 2347.65625] 2
[238.28125, 2343.75] 2
[250.0, 2347.65625] 2
[250.0, 2343.75] 2
[265.625, 2312.5] 2
[285.15625, 2339.84375] 2
[257.8125, 2355.46875] 2
[253.90625, 2347.65625] 2
[281.25, 2359.375] 2
[257.8125, 2371.09375] 2
[277.34375, 2355.46875] 2
[277.34375, 2343.75] 2
[265.625, 2335.9375] 2
[285.15625, 2351.5625] 2
[281.25, 2316.40625] 2
[285.15625, 2343.75] 2
[277.34375, 2339.84375] 2
[269.53125, 2339.84375] 2
[281.25, 2359.375] 2
[285.15625, 2339.84375] 2
[308.59375, 2339.84375] 2
[281.25, 2339.84375] 2
[253.90625, 2335.9375] 2
[292.96875, 2316.40625] 2
[320.3125, 2316.40625] 2
[304.6875, 2355.46875] 2
[300.78125, 2324.21875] 2
[324.21875, 2339.84375] 2
[289.0625, 2285.15625] 2
[269.53125, 2335.9375] 2
[269.53125, 2316.40625] 2
[273.4375, 2347.65625] 2
[304.6875, 2406.25] 2
[289.0625, 2320.3125] 2
[375.0, 2273.4375] 2
[265.625, 2351.5625] 2
[269.53125, 2355.46875] 2
[281.25, 2332.03125] 2
[265.625, 2359.375] 2
[261.71875, 2324.21875] 2
[1707.03125, 2257.8125] 2
[1539.0625, 2121.09375] 2
[1867.1875, 2480.46875] 2
[1515.625, 2023.4375] 2
[269.53125, 1531.25] 2
[230.46875, 2238.28125] 2
[265.625, 2207.03125] 2
[371.09375, 2128.90625] 2
[289.0625, 2195.3125] 2
[210.9375, 2257.8125] 2
[242.1875, 2238.28125] 2
[246.09375, 2261.71875] 2
[320.3125, 2335.9375] 2
[242.1875, 1828.125] 2
[226.5625, 2222.65625] 2
[312.5, 2269.53125] 2
[242.1875, 2300.78125] 2
[285.15625, 2281.25] 2
[265.625, 2261.71875] 2
[253.90625, 2312.5] 2
[292.96875, 2246.09375] 2
[289.0625, 2289.0625] 2
[265.625, 2332.03125] 2
[253.90625, 2285.15625] 2
[292.96875, 2292.96875] 2
[277.34375, 2289.0625] 2
[257.8125, 2285.15625] 2
[277.34375, 2257.8125] 2
[285.15625, 2289.0625] 2
[265.625, 2257.8125] 2
[296.875, 2281.25] 2
[277.34375, 2296.875] 2
[292.96875, 2343.75] 2
[261.71875, 2300.78125] 2
[226.5625, 2312.5] 2
[269.53125, 2300.78125] 2
[281.25, 2285.15625] 2
[253.90625, 2320.3125] 2
[242.1875, 2292.96875] 2
[265.625, 2296.875] 2
[261.71875, 2296.875] 2
[253.90625, 2277.34375] 2
[277.34375, 2296.875] 2
[265.625, 2289.0625] 2
[269.53125, 2289.0625] 2
[261.71875, 2285.15625] 2
[265.625, 2289.0625] 2
[269.53125, 2289.0625] 2
[281.25, 2273.4375] 2
[265.625, 2285.15625] 2
[312.5, 2265.625] 2
[273.4375, 2285.15625] 2
[277.34375, 2285.15625] 2
[269.53125, 2281.25] 2
[277.34375, 2292.96875] 2
[277.34375, 2281.25] 2
[265.625, 2281.25] 2
[261.71875, 2292.96875] 2
[265.625, 2273.4375] 2
[273.4375, 2230.46875] 2
[269.53125, 2277.34375] 2
[289.0625, 2265.625] 2
[289.0625, 2343.75] 2
[269.53125, 2281.25] 2
[292.96875, 2261.71875] 2
[265.625, 2265.625] 2
[277.34375, 2269.53125] 2
[253.90625, 2281.25] 2
[265.625, 2277.34375] 2
[277.34375, 2269.53125] 2
[281.25, 2273.4375] 2
[265.625, 2269.53125] 2
[285.15625, 2222.65625] 2
[261.71875, 2273.4375] 2
[273.4375, 2261.71875] 2
[269.53125, 2261.71875] 2
[269.53125, 2253.90625] 2
[292.96875, 2246.09375] 2
[273.4375, 2246.09375] 2
[285.15625, 2238.28125] 2
[257.8125, 2265.625] 2
[269.53125, 2246.09375] 2
[273.4375, 2265.625] 2
[277.34375, 2265.625] 2
[285.15625, 2261.71875] 2
[281.25, 2257.8125] 2
[257.8125, 2261.71875] 2
[281.25, 2261.71875] 2
[277.34375, 2261.71875] 2
[285.15625, 2261.71875] 2
[285.15625, 2339.84375] 2
[308.59375, 2234.375] 2
[277.34375, 2273.4375] 2
[292.96875, 2261.71875] 2
[281.25, 2269.53125] 2
[296.875, 2269.53125] 2
[324.21875, 2242.1875] 2
[292.96875, 2250.0] 2
[300.78125, 2261.71875] 2
[257.8125, 2269.53125] 2
[281.25, 2253.90625] 2
[296.875, 2257.8125] 2
[289.0625, 2257.8125] 2
[304.6875, 2246.09375] 2
[265.625, 2253.90625] 2
[292.96875, 2242.1875] 2
[304.6875, 2253.90625] 2
[281.25, 2238.28125] 2
[285.15625, 2250.0] 2
[324.21875, 2257.8125] 2
[285.15625, 2242.1875] 2
[320.3125, 2292.96875] 2
[324.21875, 2253.90625] 2
[285.15625, 2210.9375] 2
[292.96875, 2230.46875] 2
[285.15625, 2218.75] 2
[296.875, 2199.21875] 2
[269.53125, 2226.5625] 2
[300.78125, 2199.21875] 2
[292.96875, 2207.03125] 2
[292.96875, 2226.5625] 2
[304.6875, 2250.0] 2
[257.8125, 2269.53125] 2
[1699.21875, 2203.125] 2
[308.59375, 2261.71875] 2
[980.46875, 1980.46875] 2
[1449.21875, 2019.53125] 2
[285.15625, 2218.75] 2
[2203.125, 2500.0] 2
[257.8125, 2363.28125] 2
[316.40625, 2191.40625] 2
[292.96875, 2277.34375] 2
[210.9375, 1804.6875] 2
[105.46875, 2316.40625] 2
[285.15625, 2300.78125] 2
[289.0625, 2269.53125] 2
[246.09375, 2273.4375] 2
[250.0, 2285.15625] 2
[250.0, 2273.4375] 2
[246.09375, 2292.96875] 2
[238.28125, 2289.0625] 2
[242.1875, 2289.0625] 2
[234.375, 2296.875] 2
[253.90625, 2308.59375] 2
[253.90625, 2316.40625] 2
[246.09375, 2312.5] 2
[250.0, 2316.40625] 2
[246.09375, 2312.5] 2
[242.1875, 2316.40625] 2
[253.90625, 2324.21875] 2
[242.1875, 2324.21875] 2
[250.0, 2324.21875] 2
[246.09375, 2320.3125] 2
[250.0, 2328.125] 2
[250.0, 2335.9375] 2
[253.90625, 2332.03125] 2
[246.09375, 2347.65625] 2
[253.90625, 2343.75] 2
[265.625, 2332.03125] 2
[253.90625, 2347.65625] 2
[246.09375, 2359.375] 2
[253.90625, 2351.5625] 2
[250.0, 2343.75] 2
[250.0, 2343.75] 2
[250.0, 2347.65625] 2
[257.8125, 2339.84375] 2
[253.90625, 2339.84375] 2
[250.0, 2335.9375] 2
[265.625, 2316.40625] 2
[250.0, 2328.125] 2
[257.8125, 2335.9375] 2
[261.71875, 2343.75] 2
[253.90625, 2339.84375] 2
[253.90625, 2339.84375] 2
[257.8125, 2335.9375] 2
[269.53125, 2328.125] 2
[253.90625, 2339.84375] 2
[269.53125, 2339.84375] 2
[253.90625, 2335.9375] 2
[257.8125, 2332.03125] 2
[257.8125, 2332.03125] 2
[261.71875, 2335.9375] 2
[257.8125, 2335.9375] 2
[253.90625, 2335.9375] 2
[257.8125, 2332.03125] 2
[253.90625, 2335.9375] 2
[265.625, 2335.9375] 2
[261.71875, 2328.125] 2
[261.71875, 2324.21875] 2
[285.15625, 2320.3125] 2
[257.8125, 2332.03125] 2
[269.53125, 2328.125] 2
[250.0, 2328.125] 2
[261.71875, 2328.125] 2
[253.90625, 2332.03125] 2
[257.8125, 2328.125] 2
[253.90625, 2324.21875] 2
[265.625, 2320.3125] 2
[253.90625, 2328.125] 2
[265.625, 2324.21875] 2
[253.90625, 2320.3125] 2
[261.71875, 2312.5] 2
[253.90625, 2320.3125] 2
[265.625, 2320.3125] 2
[292.96875, 2308.59375] 2
[253.90625, 2320.3125] 2
[250.0, 2320.3125] 2
[265.625, 2320.3125] 2
[261.71875, 2316.40625] 2
[261.71875, 2316.40625] 2
[261.71875, 2316.40625] 2
[269.53125, 2316.40625] 2
[261.71875, 2320.3125] 2
[261.71875, 2320.3125] 2
[257.8125, 2320.3125] 2
[261.71875, 2316.40625] 2
[269.53125, 2320.3125] 2
[265.625, 2324.21875] 2
[265.625, 2320.3125] 2
[265.625, 2304.6875] 2
[269.53125, 2312.5] 2
[265.625, 2304.6875] 2
[265.625, 2316.40625] 2
[261.71875, 2324.21875] 2
[269.53125, 2324.21875] 2
[257.8125, 2328.125] 2
[265.625, 2316.40625] 2
[269.53125, 2320.3125] 2
[246.09375, 2308.59375] 2
[269.53125, 2304.6875] 2
[261.71875, 2339.84375] 2
[257.8125, 2324.21875] 2
[257.8125, 2394.53125] 2
[269.53125, 2312.5] 2
[273.4375, 2324.21875] 2
[265.625, 2324.21875] 2
[265.625, 2335.9375] 2
[261.71875, 2320.3125] 2
[246.09375, 2339.84375] 2
[269.53125, 2328.125] 2
[261.71875, 2355.46875] 2
[269.53125, 2320.3125] 2
[285.15625, 2339.84375] 2
[296.875, 722.65625] 0
[320.3125, 2363.28125] 2
[308.59375, 2269.53125] 2
[277.34375, 2468.75] 2
[300.78125, 2308.59375] 2
[308.59375, 2378.90625] 2
[277.34375, 2289.0625] 2
[316.40625, 2363.28125] 2
[308.59375, 2289.0625] 2
[3.90625, 304.6875] 0
[312.5, 2136.71875] 2
[285.15625, 2359.375] 2
[281.25, 2378.90625] 2
[281.25, 2296.875] 2
[289.0625, 2257.8125] 2
[292.96875, 2292.96875] 2
[250.0, 2304.6875] 2
[281.25, 2273.4375] 2
[265.625, 2292.96875] 2
[1527.34375, 2062.5] 2
[1937.5, 2304.6875] 2
[511.71875, 2136.71875] 2
[2496.09375, 2500.0] 2
[316.40625, 2121.09375] 2
[292.96875, 691.40625] 0
[210.9375, 1769.53125] 2
[277.34375, 2332.03125] 2
[242.1875, 2257.8125] 2
[277.34375, 2332.03125] 2
[250.0, 2382.8125] 2
[269.53125, 2339.84375] 2
[230.46875, 1597.65625] 2
[214.84375, 2281.25] 2
[269.53125, 2292.96875] 2
[250.0, 2398.4375] 2
[257.8125, 2371.09375] 2
[242.1875, 2343.75] 2
[261.71875, 2320.3125] 2
[230.46875, 2324.21875] 2
[296.875, 2347.65625] 2
[269.53125, 2425.78125] 2
[273.4375, 2332.03125] 2
[234.375, 2335.9375] 2
[273.4375, 2312.5] 2
[312.5, 2195.3125] 2
[226.5625, 2339.84375] 2
[269.53125, 2433.59375] 2
[253.90625, 2367.1875] 2
[253.90625, 2343.75] 2
[222.65625, 2363.28125] 2
[300.78125, 2433.59375] 2
[238.28125, 2367.1875] 2
[238.28125, 2390.625] 2
[246.09375, 2378.90625] 2
[250.0, 2378.90625] 2
[250.0, 2386.71875] 2
[238.28125, 2382.8125] 2
[250.0, 2398.4375] 2
[253.90625, 2402.34375] 2
[246.09375, 2410.15625] 2
[253.90625, 2406.25] 2
[250.0, 2398.4375] 2
[226.5625, 2390.625] 2
[253.90625, 2402.34375] 2
[253.90625, 2394.53125] 2
[285.15625, 2382.8125] 2
[238.28125, 2390.625] 2
[253.90625, 2386.71875] 2
[261.71875, 2402.34375] 2
[257.8125, 2398.4375] 2
[242.1875, 2394.53125] 2
[257.8125, 2398.4375] 2
[242.1875, 2394.53125] 2
[238.28125, 2398.4375] 2
[246.09375, 2386.71875] 2
[250.0, 2382.8125] 2
[250.0, 2382.8125] 2
[250.0, 2382.8125] 2
[253.90625, 2378.90625] 2
[250.0, 2390.625] 2
[277.34375, 2339.84375] 2
[246.09375, 2375.0] 2
[250.0, 2371.09375] 2
[253.90625, 2371.09375] 2
[246.09375, 2367.1875] 2
[234.375, 2367.1875] 2
[242.1875, 2363.28125] 2
[246.09375, 2367.1875] 2
[253.90625, 2371.09375] 2
[250.0, 2375.0] 2
[253.90625, 2371.09375] 2
[242.1875, 2375.0] 2
[238.28125, 2375.0] 2
[246.09375, 2367.1875] 2
[253.90625, 2375.0] 2
[242.1875, 2375.0] 2
[253.90625, 2375.0] 2
[277.34375, 2351.5625] 2
[253.90625, 2367.1875] 2
[257.8125, 2367.1875] 2
[246.09375, 2363.28125] 2
[253.90625, 2359.375] 2
[246.09375, 2371.09375] 2
[253.90625, 2359.375] 2
[250.0, 2363.28125] 2
[250.0, 2355.46875] 2
[269.53125, 2351.5625] 2
[253.90625, 2359.375] 2
[250.0, 2351.5625] 2
[246.09375, 2363.28125] 2
[250.0, 2351.5625] 2
[257.8125, 2351.5625] 2
[242.1875, 2359.375] 2
[246.09375, 2355.46875] 2
[234.375, 2355.46875] 2
[234.375, 2359.375] 2
[242.1875, 2355.46875] 2
[253.90625, 2359.375] 2
[246.09375, 2359.375] 2
[253.90625, 2347.65625] 2
[242.1875, 2339.84375] 2
[277.34375, 2351.5625] 2
[250.0, 2339.84375] 2
[253.90625, 2351.5625] 2
[250.0, 2343.75] 2
[253.90625, 2359.375] 2
[269.53125, 2328.125] 2
[261.71875, 2339.84375] 2
[238.28125, 2421.875] 2
[281.25, 2339.84375] 2
[265.625, 2367.1875] 2
[382.8125, 2242.1875] 2
[277.34375, 2316.40625] 2
[246.09375, 2363.28125] 2
[281.25, 2261.71875] 2
[269.53125, 2406.25] 2
[316.40625, 2339.84375] 2
[316.40625, 2386.71875] 2
[207.03125, 2433.59375] 2
[277.34375, 2328.125] 2
[226.5625, 2378.90625] 2
[269.53125, 2308.59375] 2
[242.1875, 2394.53125] 2
[253.90625, 2355.46875] 2
[238.28125, 2242.1875] 2
[265.625, 2296.875] 2
[3.90625, 2359.375] 2
[285.15625, 2316.40625] 2
[218.75, 2277.34375] 2
[273.4375, 2292.96875] 2
[269.53125, 2304.6875] 2
[3.90625, 2390.625] 2
[253.90625, 2351.5625] 2
[464.84375, 2351.5625] 2
[261.71875, 2339.84375] 2
[351.5625, 2398.4375] 2
[1613.28125, 2253.90625] 2
[332.03125, 2359.375] 2
[1003.90625, 1683.59375] 1
[953.125, 1898.4375] 2
